version https://git-lfs.github.com/spec/v1
oid sha256:c1d25e29ccf920f7476aded2bb8692db45399916f7f2d2fc623b4b3129fdd16f
size 218
